100.0 21.0 855.0 3.0
100.0 16.0 650.0 4.0
0.0 -4.0 0.0 27.0
100.0 17.0 691.0 4.0
100.0 21.0 641.0 3.0
100.0 24.0 734.0 3.0
100.0 26.0 796.0 3.0
100.0 30.0 920.0 3.0
100.0 17.0 691.0 4.0
100.0 22.0 2222.0 3.0
100.0 28.0 2828.0 3.0
100.0 30.0 3030.0 3.0
0.0 0.0 0.0 3.0
0.0 -72.0 0.0 4.0
0.0 -336.0 0.0 2.0
100.0 28.0 1142.0 3.0
100.0 25.0 1019.0 3.0
100.0 35.0 1429.0 2.0
100.0 24.0 978.0 3.0
100.0 20.0 814.0 4.0
100.0 30.0 1224.0 3.0
0.0 -64.0 0.0 6.0
100.0 18.0 732.0 4.0
0.0 -170.0 0.0 3.0
100.0 27.0 827.0 3.0
100.0 13.0 393.0 5.0
100.0 7.0 0.0 10.0
100.0 23.0 463.0 3.0
100.0 24.0 224.0 3.0
100.0 30.0 1224.0 3.0
0.0 -48.0 0.0 3.0
0.0 -22.0 0.0 3.0
100.0 31.0 951.0 2.0
100.0 30.0 610.0 3.0
100.0 29.0 589.0 3.0
0.0 0.0 0.0 7.0
100.0 29.0 589.0 3.0
100.0 20.0 814.0 4.0
100.0 23.0 937.0 3.0
100.0 17.0 691.0 4.0
100.0 22.0 896.0 3.0
100.0 15.0 609.0 5.0
0.0 -105.0 0.0 3.0
100.0 14.0 568.0 5.0
100.0 13.0 527.0 5.0
100.0 22.0 896.0 3.0
100.0 27.0 827.0 3.0
0.0 0.0 0.0 5.0
100.0 29.0 589.0 3.0
100.0 29.0 1183.0 3.0
0.0 0.0 0.0 2.0
100.0 38.0 1552.0 2.0
100.0 38.0 1168.0 2.0
100.0 34.0 694.0 2.0
0.0 0.0 0.0 44.0
0.0 0.0 0.0 5.0
100.0 25.0 1019.0 3.0
100.0 33.0 1013.0 2.0
100.0 34.0 1044.0 2.0
100.0 33.0 673.0 2.0
100.0 25.0 1019.0 3.0
100.0 30.0 1224.0 3.0
100.0 33.0 1013.0 2.0
0.0 -112.0 0.0 4.0
100.0 12.0 362.0 6.0
100.0 34.0 1388.0 2.0
100.0 9.0 363.0 7.0
0.0 -621.0 0.0 1.0
100.0 20.0 814.0 4.0
100.0 29.0 1183.0 3.0
100.0 37.0 1511.0 2.0
0.0 -76.0 0.0 4.0
100.0 5.0 199.0 13.0
0.0 11.0 0.0 66.0
100.0 18.0 732.0 4.0
0.0 -87.0 0.0 67.0
0.0 25.0 0.0 58.0
0.0 19.0 0.0 64.0
0.0 -8.0 0.0 7.0
100.0 13.0 657.0 5.0
100.0 30.0 1524.0 3.0
100.0 33.0 1677.0 2.0
100.0 24.0 1094.0 3.0
100.0 37.0 1692.0 2.0
100.0 33.0 1508.0 2.0
100.0 22.0 1116.0 3.0
0.0 -69.0 0.0 5.0
0.0 0.0 0.0 9.0
100.0 26.0 1320.0 3.0
0.0 0.0 0.0 6.0
80.0 31.0 955.0 2.0
100.0 29.0 1473.0 3.0
0.0 0.0 0.0 4.0
80.0 28.0 862.0 3.0
0.0 0.0 0.0 3.0
1.0 34.0 0.0 2.0
0.0 -16.0 0.0 4.0
1.0 28.0 0.0 3.0
0.0 -42.0 0.0 5.0
100.0 31.0 1575.0 2.0
0.0 0.0 0.0 3.0
100.0 28.0 1422.0 3.0
100.0 27.0 1232.0 3.0
100.0 30.0 1210.0 3.0
100.0 27.0 932.0 3.0
100.0 25.0 1005.0 3.0
100.0 30.0 1210.0 3.0
100.0 29.0 1169.0 3.0
100.0 29.0 1004.0 3.0
100.0 27.0 1371.0 3.0
100.0 28.0 1278.0 3.0
100.0 28.0 1128.0 3.0
100.0 26.0 896.0 3.0
100.0 23.0 1167.0 3.0
0.0 0.0 0.0 5.0
100.0 22.0 1116.0 3.0
0.0 0.0 0.0 3.0
1.0 11.0 0.0 6.0
0.0 -8.0 0.0 7.0
0.0 0.0 0.0 3.0
87.5 0.0 0.0 4.0
87.5 0.0 0.0 3.0
87.5 0.0 0.0 3.0
96.22641509433963 27.0 0.0 56.0
92.0 25.0 0.0 45.0
95.0 27.0 1236.0 52.0
94.0 23.0 1029.0 56.0
25.0 -120.0 0.0 45.0
98.0 37.0 1807.0 45.0
2.0 -363.0 0.0 21.0
33.0 -48.0 0.0 97.0
100.0 13.0 657.0 5.0
70.0 -12.0 0.0 82.0
99.0 36.0 1794.0 49.0
9.0 -252.0 0.0 23.0
7.0 -390.0 0.0 18.0
100.0 17.0 861.0 4.0
100.0 16.0 810.0 4.0
100.0 18.0 912.0 4.0
100.0 36.0 1646.0 2.0
100.0 38.0 1538.0 2.0
100.0 35.0 1220.0 2.0
100.0 28.0 968.0 3.0
100.0 34.0 1184.0 2.0
100.0 33.0 1148.0 2.0
100.0 25.0 860.0 3.0
88.0 0.0 0.0 3.0
100.0 46.0 1473.0 3.0
75.0 -7.0 0.0 4.0
100.0 42.0 1320.0 3.0
88.0 11.0 0.0 4.0
75.0 -4.0 0.0 6.0
100.0 33.0 1677.0 3.0
75.0 -12.0 0.0 2.0
88.0 18.0 696.0 3.0
63.0 -29.0 0.0 3.0
93.0 17.0 742.0 6.0
100.0 45.0 2060.0 3.0
100.0 61.0 2481.0 2.0
88.0 22.0 488.0 2.0
88.0 22.0 488.0 2.0
88.0 21.0 464.0 2.0
88.0 21.0 464.0 2.0
88.0 21.0 464.0 2.0
100.0 40.0 2034.0 4.0
85.0 7.0 246.0 6.0
93.0 20.0 874.0 6.0
62.0 -47.0 0.0 4.0
93.0 20.0 874.0 5.0
93.0 12.0 522.0 9.0
100.0 41.0 1876.0 3.0
100.0 32.0 1292.0 4.0
100.0 43.0 2187.0 3.0
100.0 37.0 1881.0 3.0
100.0 48.0 2198.0 3.0
100.0 39.0 1579.0 3.0
75.0 -9.0 0.0 3.0
75.0 -10.0 0.0 3.0
100.0 33.0 1148.0 3.0
75.0 -9.0 0.0 3.0
100.0 51.0 2595.0 3.0
13.0 -61.0 0.0 6.0
100.0 22.0 1116.0 5.0
100.0 25.0 1140.0 4.0
100.0 37.0 1881.0 3.0
100.0 38.0 1738.0 3.0
100.0 46.0 2106.0 2.0
100.0 48.0 2198.0 2.0
100.0 49.0 2244.0 2.0
86.0 9.0 0.0 3.0
86.0 14.0 358.0 2.0
100.0 34.0 1184.0 3.0
86.0 12.0 0.0 3.0
29.0 -76.0 0.0 3.0
100.0 39.0 1364.0 3.0
86.0 7.0 0.0 4.0
86.0 13.0 475.0 2.0
100.0 46.0 2106.0 2.0
100.0 61.0 2796.0 2.0
100.0 45.0 1825.0 2.0
100.0 47.0 1652.0 2.0
58.0 -27.0 0.0 4.0
58.0 -35.0 0.0 3.0
100.0 64.0 2264.0 2.0
100.0 39.0 1983.0 3.0
100.0 52.0 2646.0 2.0
29.0 -91.0 0.0 3.0
86.0 18.0 660.0 2.0
100.0 42.0 1922.0 3.0
100.0 47.0 2391.0 2.0
100.0 53.0 2697.0 2.0
100.0 54.0 2474.0 2.0
100.0 37.0 1497.0 3.0
86.0 15.0 0.0 2.0
100.0 37.0 1292.0 3.0
86.0 12.0 0.0 3.0
86.0 12.0 0.0 3.0
100.0 52.0 1832.0 2.0
100.0 47.0 1652.0 2.0
100.0 44.0 2238.0 2.0
100.0 43.0 1968.0 2.0
95.0 26.0 1190.0 53.0
86.0 10.0 310.0 50.0
98.0 35.0 1345.0 53.0
95.0 25.0 735.0 106.0
